Kennzahlen des gegebenen ÖPNV-Netzes:
SNV: 3.85644185900984
BTA: 3.72499999999999
VSM: 32.1212072727273
