Kennzahlen des gegebenen ÖPNV-Netzes:
SNV: 3.45664795435989
BTA: 3.72499999999999
VSM: 23.181463880597
