Kennzahlen des gegebenen ÖPNV-Netzes:
SNV: 4.06444465555783
BTA: 3.72499999999999
VSM: 28.0672305882353
