Kennzahlen des gegebenen ÖPNV-Netzes:
SNV: 3.99522161209124
BTA: 3.72499999999999
VSM: 25.0085433333333
