Kennzahlen des gegebenen ÖPNV-Netzes:
SNV: 3.79254925072461
BTA: 3.72499999999999
VSM: 29.6494306896552
