Kennzahlen des gegebenen ÖPNV-Netzes:
SNV: 3.11910844595814
BTA: 3.72499999999999
VSM: 20.1283494736842
