Kennzahlen des gegebenen ÖPNV-Netzes:
SNV: 3.79801885078033
BTA: 3.72499999999999
VSM: 33.5299182222222
