Kennzahlen des gegebenen ÖPNV-Netzes:
SNV: 4.25077350323251
BTA: 3.72499999999999
VSM: 32.1521795652174
