Kennzahlen des gegebenen ÖPNV-Netzes:
SNV: 4.1094217408208
BTA: 3.72499999999999
VSM: 30.8697865625
