Kennzahlen des gegebenen ÖPNV-Netzes:
SNV: 4.16510794795758
BTA: 3.72499999999999
VSM: 30.4878843137255
