Kennzahlen des gegebenen ÖPNV-Netzes:
SNV: 4.32485693125754
BTA: 3.72499999999999
VSM: 125.659095
