Kennzahlen des gegebenen ÖPNV-Netzes:
SNV: 4.39647001192878
BTA: 3.72499999999999
VSM: 99.2066145454545
