Kennzahlen des gegebenen ÖPNV-Netzes:
SNV: 3.56479369205198
BTA: 3.72499999999999
VSM: 109.81872
