Kennzahlen des gegebenen ÖPNV-Netzes:
SNV: 3.77680851969681
BTA: 3.72499999999999
VSM: 165.466688
