Kennzahlen des gegebenen ÖPNV-Netzes:
SNV: 3.94479560279391
BTA: 3.72499999999999
VSM: 209.69115
