Kennzahlen des gegebenen ÖPNV-Netzes:
SNV: 3.50053207337553
BTA: 3.72499999999999
VSM: 78.942112
