Kennzahlen des gegebenen ÖPNV-Netzes:
SNV: 3.90966767660548
BTA: 3.72499999999999
VSM: 60.5396752380952
