Kennzahlen des gegebenen ÖPNV-Netzes:
SNV: 4.12006378865138
BTA: 3.72499999999999
VSM: 505.00004
