Kennzahlen des gegebenen ÖPNV-Netzes:
SNV: 3.95184431287042
BTA: 3.72499999999999
VSM: 58.3684266666667
