Kennzahlen des gegebenen ÖPNV-Netzes:
SNV: 3.67124985864286
BTA: 3.72499999999999
VSM: 57.2748631578947
