Kennzahlen des gegebenen ÖPNV-Netzes:
SNV: 2.23974710090292
BTA: 4.775
VSM: 28.3684235294118
