Kennzahlen des gegebenen ÖPNV-Netzes:
SNV: 2.564011894254
BTA: 4.775
VSM: 124.676936
