Kennzahlen des gegebenen ÖPNV-Netzes:
SNV: 2.45361720613142
BTA: 4.75
VSM: 55.200008
