Kennzahlen des gegebenen ÖPNV-Netzes:
SNV: 2.73648111421238
BTA: 4.75
VSM: 70.6666688888889
