Kennzahlen des gegebenen ÖPNV-Netzes:
SNV: 2.50304674611384
BTA: 4.75
VSM: 101.100008
