Kennzahlen des gegebenen ÖPNV-Netzes:
SNV: 2.21501536299715
BTA: 4.775
VSM: 58.66668
