Kennzahlen des gegebenen ÖPNV-Netzes:
SNV: 2.69226410124591
BTA: 4.775
VSM: 37.0671947826087
