Kennzahlen des gegebenen ÖPNV-Netzes:
SNV: 2.31784959693928
BTA: 4.75
VSM: 183.50004
